-1.433523691997872884e+00 5.917178229012234336e-01 -5.067621631838903351e-01 1.795299308446994369e+00 -1.523785584272223104e-01 -3.463875142903020954e-02 2.856096168930084833e-02 2.836725842828261707e-02 1.013320070955813779e-01 -4.003419783548540223e-01 2.002453298484847544e-01 1.417970768773050561e-01 1.771361763395155886e-01 -6.981386006625793506e-02 -8.965079310545824576e-02 1.987756877224845439e-02 2.408251573642150242e-02 4.850667649148613508e-02 8.565249408888014199e-03 5.277506229151491569e-03
5.588127855549489542e-01 -7.065406158078929577e-01 3.619362822768833476e-01 1.086804424943467628e+00 4.769732502132198459e-01 -5.988758611528053333e-01 2.528584362929627294e-01 -2.572290143544515573e-01 -6.365787135164641120e-02 6.126984160428788906e-01 -1.170179272821255667e-01 6.225480785190695698e-01 2.225810825296510587e-01 9.116313002042827907e-02 1.026181144879928231e-01 -1.161173973651202090e-02 6.835970511489430912e-02 3.737304986156259057e-02 2.739924132553871183e-02 1.783025992728505191e-02
5.470909724235002436e-01 -8.215722534117215758e-01 -1.096226898561149188e+00 6.083837245490482104e-01 2.057785181318634304e-01 -4.971721575386134351e-01 4.703226869062548943e-01 -3.167482945042829900e-01 3.985370459327631787e-01 4.478828731954953013e-01 1.557437126780461534e-01 1.193520090939290818e-01 2.362957008587504293e-01 -1.220616384884854605e-02 -3.003507749242751435e-01 5.992001977673223900e-03 1.700441223248839451e-01 9.794482864978473757e-02 7.259829470491141468e-02 1.513513108723658906e-02
5.915671741532635419e-01 -8.878438571363044263e-01 2.087285804854195626e-01 1.138177273161299130e+00 6.766617684435042301e-01 -7.377182648620497218e-01 2.403915890423098389e-01 -3.565937695392847884e-01 3.917678502496738657e-01 4.300451563168029567e-01 -1.250799849247726525e-01 -3.576485328654135931e-01 1.760831494535317066e-01 8.038817515918098011e-02 1.137468877901706560e-01 -5.998071629886272266e-02 1.399616740490272071e-01 2.928519607021054516e-02 1.942402944995998137e-02 8.382626261304475246e-03
6.991014958510874955e-01 -1.054975509368061504e+00 -8.441031158339522555e-01 7.554197396114166185e-01 3.269090225260964377e-01 -3.273043530555973524e-01 6.908850327278344416e-03 -3.458539011751295966e-01 -9.746763666969771034e-01 -2.214495927587967206e-01 1.761459158008891746e-01 -7.322765515673415604e-03 6.748954226470296747e-02 -2.540986839069262482e-01 -1.085502526388733013e-01 2.906837533200028884e-02 9.652203465168263108e-02 8.190554295214720615e-02 1.930310136482958627e-02 -7.877987099676722529e-04
6.569018123613197258e-01 -1.234988270512840103e+00 -1.505261040547181572e+00 7.257586659954150532e-01 1.423676971782258383e-01 -2.467905645888326394e-01 -2.054547245502063788e-02 -8.087131941555569803e-02 3.044993585784301349e-01 2.272493673020480331e-01 -1.434765306664792794e-01 2.368041397928468683e-01 -2.960970177026926373e-02 -9.556184072273307684e-02 4.118218861589646451e-01 1.067074043920732129e-02 1.642660716602817664e-02 -3.235340902933323687e-02 -1.864426498772520785e-02 1.573491406355405353e-02
6.155399596220006986e-01 -7.438199848366662259e-01 -1.101590792947155784e+00 4.251535163279017704e-01 3.300191099658272842e-02 -3.479570323337162763e-01 5.154073456698279321e-01 -3.160696402271626626e-01 -2.195145376785392621e-01 9.685949574465196887e-02 2.352536795225443067e-01 8.439740029508026320e-02 2.995828981551852399e-01 3.621203406515006717e-01 3.021521806510152341e-01 -2.998320158340407604e-02 -9.439398335308395518e-03 -1.913402260822745782e-01 -6.260382084651369694e-02 2.081626661515956211e-02
3.976173245052428973e-01 -9.112709853968339324e-01 -9.541146125047162974e-01 4.993741391431180121e-01 -7.654953821153261118e-02 -3.598917077426647126e-01 1.741956155624370395e-01 -3.689401214957586106e-01 1.839234076086259384e-01 3.761745437523031366e-01 1.579013195788099289e-01 9.759440577896433267e-02 1.636212360512837305e-01 -8.992526929297250948e-03 1.714729192392172932e-02 1.419421748566385838e-02 1.135401347336434802e-01 1.065460749192033707e-01 1.063962647359108053e-02 9.218515345133428823e-03
2.932957436131239382e-01 -3.841468697206456007e-01 -3.863608839545963347e-01 3.073625931450818527e-01 1.164578421866452329e-02 -3.830616557732016703e-01 -4.462531443672446141e-02 2.442783095478628930e-02 -1.776256572625704300e-01 1.464950245584239474e-01 6.750672109599878956e-01 1.992801845007191597e-02 2.344998652470685618e-01 -8.207195784660829829e-02 3.806465469701739712e-01 -7.341990981869861432e-02 2.376318116133425695e-01 2.176249643980875947e-01 8.474746568429028515e-02 1.341732846253339967e-02
3.525923574942840810e-01 -3.186519627591610782e-01 -4.449766961187738290e-01 3.970344112452369179e-01 1.864704987774120637e-01 1.415266096733617807e-01 -1.429216800031295545e-02 -1.783186620133142553e-01 6.270923653384063989e-02 1.807498526633613822e-01 1.352087894909768939e-01 2.036784333823012105e-01 -4.337553356696003531e-03 7.551937162138488979e-02 -4.989860118361796534e-03 -1.106667517670053419e-02 1.800688234026822862e-02 -3.663844767333159641e-02 1.596682756289839397e-02 5.829419762071961705e-03
-1.410175654841543391e-01 -4.377085330087069903e-01 -2.419754477473720911e-01 2.567878731871275910e-01 -1.301801996449805376e-01 3.406788165603695517e-02 -7.584643489901743418e-02 -2.909659067048768200e-01 9.285931699960121855e-02 3.496993943599291388e-02 1.636892456327032896e-01 1.808933681784712644e-01 2.146990838862614104e-01 -3.188517735833679839e-02 2.366844676590121668e-02 6.339591814156023131e-02 5.892746093189507595e-02 2.323975752225048569e-02 4.856348560856639518e-02 8.160077540515803945e-03
-1.128909389750485520e-02 -5.501877097430096786e-01 -3.045591924916549731e-01 2.706263996610275280e-01 4.160132838623657042e-02 1.052782837174165986e-01 -9.268004917859309910e-02 -5.469535130597547035e-02 1.406871109391480967e-01 -1.695016166564042304e-02 1.720685105218007771e-01 1.446904234228432173e-01 3.094323761665118341e-02 5.283994112421307870e-02 2.215479433993099156e-02 4.430317105473147166e-02 1.381714028932599057e-02 -3.915245467059363244e-02 -7.601578433475962050e-03 7.583672781377701760e-03
1.749374937284944864e-01 -3.132430684201127358e-01 -2.800710146874561546e-01 3.509177185749491890e-01 1.703840022531354081e-02 -6.389798990492770447e-02 -1.328401079928083484e-01 -1.079317064418933297e-01 1.795048235558615590e-01 1.805637579949454508e-01 9.346776083917160416e-02 1.783506724559163759e-01 5.280780199056774038e-02 -6.079782486545924625e-02 3.126705509024096941e-02 -1.037873840845814945e-02 6.395738005436749085e-02 -2.513402598082797174e-02 2.105534474749376495e-02 2.107930326160695894e-02
6.951023498678761403e-02 -1.897372624723551657e-02 -3.196836208027660220e-01 9.770383997230519535e-02 -1.240203116233692116e-01 -2.766221872503970003e-01 -3.242200729277368021e-01 -5.822112722935909868e-03 -1.232802396630636454e-01 1.053060715537543490e-01 8.672224453256863197e-02 9.158486142871979929e-02 5.420681278955716276e-02 -8.365383915565144379e-02 9.931127259144141572e-03 -1.404938713284225454e-02 1.826124260382223224e-02 -6.001658781446530394e-02 5.543312570460102659e-03 1.020132258856957033e-02
-1.151611409940384245e+00 5.865971968343126897e-02 -4.544859390325737269e-01 3.230161099905312083e-01 1.339422019214336679e+00 4.989682803031391112e-01 -3.552810727523830758e-01 -6.632404760379919662e-01 -3.469884222143012620e-01 2.834772256075024366e-01 3.288000028303839084e-01 1.080168206992436486e-01 1.691382726755858712e-01 -4.469822854701756276e-02 -5.853875604323141579e-03 1.423521270981262243e-01 4.607370798079053753e-02 -7.258403122197613216e-03 2.899966766397648818e-02 -1.316369123104019732e-02
-2.138981057830244392e+00 -8.820443078730048070e-01 -1.485267138576128187e-01 2.908380102479796725e-01 1.313907126807935533e-01 -2.415827319110215310e-01 4.206333876840295805e-02 -2.057766398913478678e-01 -2.121096889240261518e-01 3.006516034358451828e-01 1.155190770846897391e-01 6.457775080925447220e-02 2.088398409702441616e-01 9.979585752914152397e-02 1.501309400037920128e-02 2.400731365979352772e-01 8.271332595426204165e-03 -2.107265110403732516e-02 1.498467908958568406e-01 -3.646263493641655612e-02
-2.163136259088785707e+00 -8.853942733251006780e-01 -1.576514111460576295e-01 3.031110473809007222e-01 1.501099435350425892e-01 -2.406151304721470541e-01 2.813754468377142187e-02 -2.120534270951024980e-01 -2.109764401801688949e-01 3.241290912285736958e-01 1.241621064861990059e-01 7.132329060704557799e-02 2.133595018920206865e-01 8.573302201702305558e-02 6.939163844503680456e-03 2.348284865396311760e-01 3.037095210318251082e-02 -2.055690616638785120e-02 1.172218143730504591e-01 4.411324369914632754e-02
-2.181220320728483930e+00 -9.233012784234309045e-01 -1.659644295963745853e-01 2.555712287962214058e-01 2.021672715740116533e-01 -2.537267618116553214e-01 -3.318645032559035257e-02 -2.544529179387728934e-01 -1.894971124599171830e-01 2.925889309424186679e-01 1.081988638749490916e-01 1.471465051779937139e-01 2.299847479223725566e-01 8.372814091964997374e-02 -5.685300762929304530e-02 -3.561826727723760300e-01 9.801071716834440506e-02 -1.687952800700951925e-02 -4.819451270873918031e-02 1.180485501073699414e-02
-1.437740262709833239e+00 -3.721211654878359143e-01 -2.617893879667329560e-01 5.847807339369147650e-01 5.076627441037788457e-02 2.860389511918166039e-01 -3.817562576254446977e-03 1.301420897747294081e-01 -4.383170205089352289e-01 1.014761045764999370e+00 1.161908222081983050e-01 -3.034707729454674818e-01 -2.248485974818545396e-02 1.170254879094821260e-01 -9.128095441565667323e-02 5.330667717462567179e-02 1.297618075345736421e-01 -1.818894960345780049e-02 -1.169760530461602110e-01 -5.986226415607875245e-03
-1.697960291434611468e+00 -7.263986662312118536e-01 -1.198031505466824603e-01 2.404055357793341563e-01 1.285738011187511631e-01 -2.872647454138857470e-01 -2.489069406101868803e-02 -1.855912200252387290e-01 -9.512230287547390750e-02 2.386990164172187734e-01 1.208491565041363291e-01 1.426853894458736394e-01 2.079087068339599553e-01 -5.477956705836495993e-02 -3.824748742328208662e-02 2.038340175972689350e-01 1.803190021463095261e-01 5.238996667603280921e-03 -2.293013518609774426e-01 -1.276121780950151968e-02
-1.374636415722547689e+00 -5.215867347087908001e-01 -3.295413595243751326e-01 2.873014890358679407e-01 3.353593156995192670e-01 -2.617700215920069073e-01 -5.716109451114496226e-02 -3.245884891367330494e-01 -1.452329216674538293e-01 2.151922366212942195e-01 1.152301678523323936e-01 4.527769351576934470e-02 1.099980939933421220e-01 2.785218900839731698e-03 7.369131595725868233e-02 7.207714673509976744e-02 1.326399695829678232e-02 -4.425137452317886438e-02 -3.789720501799860586e-02 -1.287573175529607532e-02
-9.544578032342441176e-01 -2.435172391445965812e-01 -3.283938605922275267e-01 3.277111265928048800e-01 1.550533004769624190e-01 1.647375891206506182e-01 -5.675441509282100339e-02 -1.450594576946223624e-01 -6.267418512590103297e-02 2.913695085588350331e-01 1.162228850459023355e-01 -1.853617011083113358e-02 1.051694292941849074e-01 1.738818223486576775e-02 -1.133199703155495300e-02 1.528058379312466353e-01 -1.015740670759414030e-02 1.982979358333977760e-02 1.331630258460439302e-02 -3.324680705876874309e-03
-1.295856229584083863e+00 -4.139704401328376804e-01 -2.270904639525481716e-01 2.063759731454782309e-01 2.943863385980874936e-01 2.344099470727361439e-02 -1.878284354284969482e-01 -1.238743049679641717e-01 -2.226873132115936293e-01 3.884045177170456498e-01 4.259407635135265685e-02 5.191036490663265140e-02 1.146771809766384265e-01 9.598319148395732803e-02 1.397206418300560304e-02 2.904316787133192496e-03 7.577914093043464083e-02 -5.151969340266410180e-02 -3.449974369950302780e-03 -1.144762475140459479e-02
-1.269960999689139891e+00 -3.321417843134772396e-01 -9.094667728758046299e-02 2.819856850100437295e-01 3.033910728607862040e-01 -1.383393853060194134e-01 -3.143754899824510174e-01 -1.899678131198660469e-01 -2.619552439732485416e-01 3.107362924404258875e-01 1.315137978019122536e-02 2.172542955950542420e-01 2.058042086457938236e-01 6.427434243214313891e-02 4.791287870215212019e-02 6.402979835538120945e-02 3.757770088209366754e-02 -7.302913761117095504e-02 -1.271502573034148306e-02 -1.737647115055602001e-02
2.711954433830940925e-01 -4.096136909337230181e-01 -2.326298893172321081e-01 6.301252180545244830e-01 4.241521898485491049e-02 -1.943777330489373789e-01 -2.839390076641983840e-01 6.326199899915206822e-03 -1.729659517484181119e-01 2.740704913607218685e-01 -1.474180067700592567e-01 2.278704885179883011e-01 3.370424232133339415e-01 2.989568978979346980e-03 3.387795273886212710e-02 9.174511390721019899e-02 3.160983168649823816e-02 3.613230806708233461e-02 5.530279237111129093e-02 1.586840813596145788e-02
8.200088281059364492e-02 -3.932195214797564592e-02 -3.730929066436929897e-01 2.313504391037954355e-01 8.350883744271868359e-02 -2.456099896753585199e-01 -2.610994903190537175e-01 6.675611386900259792e-02 -2.532977419606924352e-02 2.379184088699502486e-01 2.806805794156603390e-02 -1.449364837578643109e-02 1.340934803333714009e-01 -1.416227108403920326e-02 -4.303565632817146422e-03 7.411110107748617587e-03 -8.708659611800845246e-02 4.042659974179151072e-02 -3.804956055583077167e-04 1.827518715579016812e-03
9.568864480254267446e-02 -2.411144116098694057e-01 -3.614104021317976478e-01 4.588486479437515753e-01 1.102284465881549907e-01 -4.238035467724063921e-01 -6.508069814793510099e-02 1.099458790391400452e-02 3.589084071299082634e-02 3.252717781054307311e-01 -5.196297511382368811e-02 -3.423672473776152858e-02 4.103275322617208065e-01 1.943605777615331140e-02 -4.125779044456900219e-02 1.102624063451090042e-01 1.180636174199185817e-01 -3.286405142825291059e-02 4.654647808208656201e-02 8.596009003697538745e-04
-6.964718677229883581e-02 -7.983233475290937853e-02 1.097340301992875827e-01 1.581784744615596927e-01 -2.673867159493411028e-01 -1.199455184250501905e-01 -1.379230531833744722e-01 -1.968207211251209454e-01 -1.382390891004843525e-03 1.848020685014342412e-01 1.523621349265721070e-01 6.056273116730644113e-02 -8.379365831103283146e-03 -1.112567651510385641e-02 -1.226520334379827340e-02 2.101950808610618393e-02 -2.143118414239266606e-02 -3.142934774487984168e-02 8.019101118400843650e-03 -1.082809465609150916e-02
5.896507861065440614e-02 -4.555930228093367229e-01 -6.166415223181950234e-01 3.460234666304107254e-01 -1.332435394728711531e-01 -4.542752561770163067e-01 -2.158503864554702778e-01 -1.976173934408453070e-01 -1.935402166960171200e-01 1.539795862263692305e-01 -4.882333416857399105e-02 5.031151163052414305e-02 3.241069701037468942e-01 1.033316725769454526e-02 3.943986219259215664e-02 1.106586890001327594e-01 8.192533340743729520e-02 -2.823570010913054387e-03 3.344831654315998104e-02 -5.580020186190975603e-03
-3.057353451092069685e-01 -4.575764156099490498e-01 2.458980450175759502e-01 3.219344770671558331e-01 3.989849511842298857e-01 -2.465837825027990537e-01 -2.546900959050305557e-01 -2.225300621877544099e-02 -1.380738593558762384e-01 2.155833271244501637e-01 7.787997308473780522e-02 9.083593376423880483e-02 1.830809239938916977e-01 -2.937317103367517723e-03 6.951412407928056481e-02 7.244663872095388757e-02 2.441160520741439497e-03 -1.757982335459908063e-02 7.356517307188203958e-02 8.973898554257639035e-03
2.045759035359131506e-01 -4.593740011369907839e-01 -2.849215756202880256e-03 3.971960374445491215e-01 1.512989594485469325e-01 -3.457415181247078806e-01 -4.587856156390641288e-02 4.579442549127045459e-02 -3.574047283788288620e-01 4.037335967595425679e-01 5.903196327073246402e-02 1.016886439500729183e-01 1.590488813048287764e-01 7.458163208495963842e-03 1.695173994526401676e-02 -3.763972347329901103e-02 7.558718819140256007e-02 6.112640460095496164e-02 3.219375484208482352e-02 8.281453959591655520e-03
2.277167826792318994e-01 -4.718094966916346333e-01 2.860377619895621559e-01 5.201272711874919130e-01 2.006837037709346960e-01 -3.195769935592024935e-01 3.347551329169023288e-02 5.359250782733963880e-03 -2.159843897601216034e-01 3.413703815117694607e-01 3.373905909681820109e-02 1.515970530960866758e-01 1.285682565842803382e-01 4.543687139103432665e-02 -2.489445680461668808e-02 -4.847532442532814095e-03 4.171905330208397489e-02 8.705968169757279107e-03 6.398364960972666160e-03 8.240925282407364494e-03
-1.297736740071093187e-01 -3.642428948396780886e-01 -1.177387016263857500e-01 2.526279546204566184e-01 2.044365710101436195e-01 -1.221201242129507369e-01 -2.280708103455235114e-01 -1.741884023209704091e-02 3.566049687731600443e-02 1.631728195930975400e-01 1.096694232990730461e-01 1.624042661644129748e-01 9.567696782707306447e-02 2.036041155418781556e-02 -3.787165777742756978e-02 -1.104615117441079888e-02 3.520296400545711024e-02 -3.853242482402361585e-02 4.897947135122140971e-02 9.489568371277292205e-03
-1.596778184591481076e-02 -4.631318142291514506e-01 8.755471776408978168e-02 4.977851637584621569e-01 4.686900769890461893e-01 -1.636292217947795391e-01 -2.192712339812203926e-01 -2.327059895316957172e-01 -3.731443627799154172e-01 2.361849675608863608e-01 2.096124491866330208e-01 5.615357725854646515e-02 1.990929260358228758e-01 5.630727371402304698e-02 1.336724424254900900e-01 -2.609664854188571692e-02 9.597388597613770722e-02 1.155598174734593503e-01 2.978402202623180173e-02 4.773726914806587091e-03
-3.588182931396398656e-01 -4.093922073204485645e-01 -1.123293449080652040e-01 2.922018876641938046e-01 1.718349608776590098e-01 4.895947471781476185e-02 -1.967095050673378365e-01 -1.734255112016909184e-01 -6.385824008738488766e-02 5.021692261264500828e-02 6.846936055833163781e-02 1.866535221128679256e-01 1.725748956062589934e-01 -3.798104034187692324e-02 -2.058480759209454364e-02 3.714653324568668175e-02 2.588258750867418120e-02 6.595860601563418267e-03 3.317703084286091619e-02 3.224891783047503270e-03
3.137794027966663707e-02 -3.878809969827334836e-01 -1.120166255721875836e-01 2.678125188176428417e-01 1.140071778595169380e-02 -8.568821137095750107e-02 -1.725210611527304705e-01 -1.305186347841373606e-01 -7.940069130966519173e-02 1.110448956489964167e-01 3.931899831851370930e-02 1.992273611147212797e-01 1.953874766740243407e-01 5.420760267112169351e-03 -8.842291378646108257e-02 1.655843648538913443e-02 1.564824150192060254e-02 -2.316717958895540483e-05 3.817744187485133667e-02 2.107735956449728349e-03
1.822805757600004517e-01 -6.557454265030734364e-01 3.421137474395902212e-01 6.352809885224545150e-01 3.010062322888997777e-01 -5.728943207693762973e-01 6.017546910370867586e-02 -1.411987742968488502e-01 -1.649677001766022555e-01 3.491041567647623078e-01 -4.867586426172962333e-02 3.495725639862070633e-01 1.757348760025492229e-01 3.710335691341339059e-02 5.866117398613372724e-02 3.213554766207465940e-02 4.281813281631112467e-02 2.929700446040817488e-02 2.520466442725651651e-02 1.782608537368666340e-02
2.680647371733801965e-01 -3.163650160931605893e-01 6.388149512545493458e-02 3.659244204160559399e-01 1.666073391008902060e-01 -4.818856325815396024e-01 -1.901449874576722487e-01 6.231334047930375819e-02 -2.591366641820619932e-01 3.839740457570677279e-01 9.068810551821243626e-02 8.551242419953430929e-02 2.510002461885399994e-01 2.559989255788611834e-02 7.782662432838080568e-02 2.641448685927682768e-02 1.316832490080891704e-01 1.105374839754582478e-01 3.592879002686374251e-02 1.677967874238974269e-02
-4.942792559869428615e-02 -3.012231336105231638e-01 -9.637711362656024849e-02 2.089834932840345383e-01 2.504803618764946394e-01 -3.456656489278802646e-01 -1.316025553393999903e-01 -1.051602853549207239e-01 2.477079240712205810e-02 1.293999839763079474e-01 1.524417608203110786e-01 3.470277521939520160e-03 1.426233267626563495e-01 -5.448242936157560168e-03 3.570218297577452266e-02 -4.891077130613468577e-04 1.395687721749142886e-02 -3.130773494524451139e-02 9.690467773459212827e-03 -6.307747183568182189e-03
2.012593518767301637e-01 -4.975274825571707193e-01 -5.190083800996782293e-02 3.378731588267080421e-01 -1.607161104807613983e-01 2.987363450017770927e-01 -7.932662180489340464e-01 1.128275670240023454e-01 7.299527681390961809e-02 3.323458302714438206e-03 -1.667703434193876233e-01 -1.929816684710750768e-02 9.075983744982714096e-01 -4.771524141734422714e-02 -7.561135882742296699e-02 6.640043664460515416e-02 9.288165100381373662e-02 1.023982111752981192e-02 5.071441450728421396e-02 4.773401949957333315e-03
1.664173569304269740e-01 -2.728197782238058200e-01 1.105891482759270017e-01 5.358782723988859686e-01 -8.298130135657465212e-02 1.997383647918377636e-01 -5.371315888334762256e-01 9.214717239157924067e-02 -6.452314564743723280e-02 2.774506806877697906e-01 8.462833526370960868e-02 6.060076964480459044e-02 5.166297033127262850e-01 -1.656257757857408364e-01 -1.172630818245170709e-01 -2.386981337464596023e-02 7.012628790672770229e-02 -7.348400794035625516e-02 2.513641044296252916e-02 -2.409660681281232918e-03
8.150053029593101739e-02 -2.841531745176806845e-01 -1.013285968760611194e-02 1.724221971261640507e-01 -1.889398924972300053e-01 -6.671744535850671065e-02 -4.920272081109947626e-01 -6.949634358538152312e-02 -4.698248442687429083e-02 5.264100183837270436e-02 2.393088411239035693e-02 2.433349017515087920e-02 4.062838670086559301e-01 -1.043503078214025742e-01 -1.931344002047032452e-02 5.823270739254153561e-02 5.756620534833822855e-02 -5.484935594757109345e-02 2.083203359912087771e-02 8.713454816057873004e-03
5.112680975569657005e-02 -1.846767819703891145e-01 -1.983662717135983855e-02 2.109766769419549048e-01 1.170894851306821666e-01 -2.171413678271567060e-01 -1.365642638171092604e-01 9.642341915098096017e-02 5.271275470594279783e-02 2.298521161361281040e-01 1.137005735368967901e-01 1.472417978221950835e-02 2.368638349098622364e-01 -1.431919040208580185e-01 3.027980139367205878e-02 7.676564578024208663e-02 7.952484885393179548e-02 -7.333161057599518751e-02 -3.735427759880873694e-02 2.304867174136250932e-03
-1.346788299120057347e-02 -1.203808265377175613e-01 -8.186059750714698435e-02 3.028143641430867117e-01 1.814232136124893924e-01 -2.167423116802943417e-01 -2.449442999985742830e-01 -2.994517957486297899e-02 7.483581202800546062e-02 2.468393682823437074e-01 -7.236399339715170187e-02 2.085809345712525548e-02 2.796307866996042835e-01 -7.686155164975183585e-02 4.144562580324351320e-02 5.718794595411001713e-02 8.962804063689658318e-02 1.446429763955210321e-02 3.963811088949419081e-02 1.910932874582581958e-02
-3.145047317090715611e-01 -1.440523839242240645e-01 -5.043386174172882763e-02 1.348917297487709499e-01 -4.514772402888125868e-03 -1.633537433467618649e-01 -5.656005629747706820e-01 4.944970133613366126e-02 -2.599409815817016467e-02 1.099741277437435577e-01 1.137137035688498138e-01 8.026232244600625676e-03 3.830587242747922616e-01 -8.059059659116211971e-02 3.815059748578698839e-02 2.726101081016017030e-02 8.309201411307604035e-02 -2.997601659080843806e-02 4.179094477827044463e-02 1.388626331556843015e-02
-2.574814345308565344e-01 -3.121942751914654757e-01 1.865270578088550069e-02 1.494907200470850794e-01 -1.820529872413686329e-02 -1.490619877831654838e-01 -2.386168185024898081e-01 -2.289473639934989230e-02 4.139232864995446431e-03 -1.130904370285479021e-01 2.237697390854299084e-01 1.066321505605009046e-01 1.570266710388173170e-01 -1.361402718129980094e-01 4.539033327936269069e-02 8.109011568341505105e-02 3.097469797135687583e-02 -7.091331038582557311e-02 1.257871896469744261e-02 -4.008024037809502713e-03
-2.059703982606996830e-01 -4.583804754564081430e-01 1.411307514626191639e-01 3.470783850617811250e-01 1.697606144959316887e-02 -9.127583977288986072e-02 -3.832341289532601447e-01 -2.849361536586979549e-01 -2.932409047411139655e-02 2.714849139746506879e-01 -2.895420128686479813e-02 6.289530267957360588e-02 1.485916057654391442e-01 -6.858028972096780196e-02 3.600157651410401671e-02 7.012825020905620599e-02 5.426069821755136191e-02 -2.999350740241867042e-02 -9.758634899258947226e-03 -9.822309859587683573e-03
-3.665756560230578054e-01 -5.545874259641394577e-01 -9.085284447911877448e-02 3.513249970323497617e-01 1.255227126071946642e-01 1.949778008807785123e-01 -4.246184612791872315e-01 -2.659121505800060570e-01 -1.183095093382783569e-01 2.723330641720100309e-01 2.723404777054918430e-02 3.605684106055893207e-02 1.164793756457363771e-01 -9.278653381406432032e-02 -9.036231383064809164e-02 8.130884891992587460e-02 4.202295683466424764e-02 -2.865726057056803763e-02 -4.267341163167900214e-02 -1.580093924395790245e-03
1.769556155892942906e-05 -3.521790996201373813e-01 -2.136262469154134036e-01 5.009971300544967532e-01 -3.227898017195302005e-02 -5.003281423135516603e-02 -2.732800302089067879e-01 9.236860908131955261e-02 -3.419661273540314239e-02 1.775891831981577240e-01 8.348353223421586811e-02 1.469962203776365717e-01 1.809410415798229921e-01 -2.329451761479046923e-01 1.023527563638271590e-02 1.345855419762888028e-01 5.056903615909922461e-02 -5.808069330318973988e-02 2.655500785185026247e-02 1.327675736335529391e-02
1.010211052944527677e-03 -3.782057188175760309e-01 4.523792658374507086e-02 2.677027295030277032e-01 7.247789735251007615e-02 8.733398950161737340e-02 -3.376870883109716059e-01 -1.647139631892662048e-01 -1.741057545275311591e-01 1.080632108102189959e-01 -3.802064485686572348e-02 1.043966617697246885e-01 7.148109834586223454e-02 -4.003112708141473575e-02 -1.829414259965949155e-02 3.760282094171240458e-02 3.945468153691884111e-02 -1.966148280473785717e-02 9.536913977232740203e-03 -3.901155585013694072e-03
-3.639903322544988384e-01 -1.917668938597165140e-01 -2.941788444856078405e-02 1.898809364611770689e-01 -4.099817287665556004e-02 3.798991915963152721e-02 -2.940010329023002855e-01 -2.547043667349172535e-01 4.335666421479587168e-02 2.861063987837251243e-01 -1.633235530192476970e-03 7.320953058094643862e-02 8.530166780272874227e-02 -7.260193678864132472e-02 -4.019918865925271173e-02 9.783640711758662123e-02 5.142577586388048100e-02 -1.070074390897737121e-01 -7.781645417102803913e-04 9.131681827643874441e-03
-3.742011142890115383e-01 -3.425184641804512875e-01 -1.498158924554938154e-01 1.550323989326925916e-02 4.086514527307689298e-02 -6.359217558248755897e-02 -1.384625080550278553e-01 -1.791984822963669510e-01 2.013228385480785726e-02 2.249426858996824707e-01 3.446697836320664066e-03 9.999631129715465250e-02 1.953020117565812952e-01 -3.537587570208636928e-02 3.924787786597355721e-04 7.260557416093157967e-02 7.020795082679047450e-03 -6.317273620724297989e-02 -3.954897976201179888e-02 -1.325329502505859930e-03
-3.398312334260390477e-01 -6.368066355617395535e-01 1.210651315291688679e-03 4.588508119977496857e-01 4.637920707013360594e-02 -2.120695365279877120e-01 -3.330256702128266966e-01 -8.295387384219851667e-02 7.828473360925464197e-02 1.687014799546638355e-01 5.540306484060332493e-02 1.628754970807220204e-01 1.345511789731271279e-01 -1.488093266357764233e-01 7.102123673234519985e-02 1.568987876246657476e-01 3.965413176250297267e-02 -4.852554145276767594e-02 1.358385159284267868e-02 2.617478258695179333e-02
7.819490903139131310e-02 -5.471863247220842830e-01 -4.605715807518903637e-02 4.270136717459903086e-01 8.439196841177479258e-02 -1.832900462001254560e-01 -1.367172857740592273e-01 6.319124547947549408e-02 1.798038976318301618e-02 5.956585246675953627e-02 8.641783331185340367e-02 1.945358770393571524e-01 1.403558044105298053e-01 -1.910839426370735672e-01 -3.031519373279558185e-02 1.136679480369522932e-01 5.436005077242896805e-02 -7.668449688485590165e-02 5.751172142806644516e-02 1.495104167899907743e-02
-2.673655059072601037e-01 -4.898245845702991486e-01 -5.464229226725979272e-02 2.453202458839147948e-01 -3.616266738977560319e-02 -1.637856332880011645e-01 -1.859708044886486944e-01 -1.009392029062110702e-01 -1.613964581201750292e-02 1.646677395780195841e-01 -4.467651279466897107e-03 3.172029592972885337e-01 1.666495035465176411e-01 -1.153581991317408767e-01 -1.075990259575986818e-01 1.392642599706686857e-01 5.579950425528631963e-02 -1.923639911021091456e-02 2.022572383913993216e-02 8.497875454154197108e-03
-5.958085758069719962e-03 -2.952882774814393763e-01 -6.923151984883231524e-02 1.460714865941249718e-01 -6.230315410269001222e-03 -1.849584037094136879e-01 -2.785749620067141663e-01 -1.645163482106934971e-01 -4.333046929659116475e-02 7.579656550089089451e-02 7.443918329218776608e-02 4.912164791098441730e-02 1.556969570814765447e-01 -1.627397450250154531e-01 7.619337832461228754e-03 1.342171646004949870e-01 5.131643309418078280e-02 -6.741305190017400639e-02 9.264730385955790432e-03 1.063681243252640254e-02
4.702435546324004734e-02 2.498718183191253883e-01 -4.792307874984705895e-01 2.357494500618286248e-01 6.162112502811116499e-02 -1.132007442868580460e+00 -6.583646627279301500e-01 1.647886091030557054e-01 -1.132695628990378622e-01 4.400064164570114400e-01 3.065482320858187171e-01 3.144316722189007679e-02 2.434069860469649238e-01 -8.451808517484955818e-02 -1.726533004575147440e-02 -2.137118187957746246e-02 -2.763575073927296843e-01 1.241263637129151332e-01 -5.183151042221852134e-02 5.778566294505490912e-03
-8.968338558397924432e-02 6.024462572440323349e-01 -6.802315663612392704e-01 2.175926715905783237e-01 -2.841369654110016338e-02 -1.306207424991032040e+00 -7.916298987633998419e-01 1.470331011772623986e-01 -1.839701805697503412e-01 3.626634822905167033e-01 -6.768482895421597256e-02 7.076988674610168450e-02 1.489955014287016044e-01 1.507929716027075345e-02 -7.893414493912165320e-02 2.051444865428651843e-03 1.577795897438027395e-01 -1.077607491990199562e-01 9.506799140309446505e-02 -7.922233178644091586e-03
8.412704753512406652e-02 -7.938889091420070487e-02 1.256378791007610185e-01 2.211652988893046679e-01 -8.788083214752170358e-01 1.646526099968608214e-01 -7.298282991834101896e-01 -1.331547724012602130e+00 1.390352758150084356e-01 3.161666045815655357e-01 2.536834657119115821e-01 -2.069442186642662940e-02 1.740284057412433069e-02 -3.260756319357226846e-02 -3.431932912507976163e-02 4.241289564686312463e-02 6.579228810882681300e-02 -3.275877814038825192e-02 6.103741152069797060e-03 -9.195224044245508405e-03
-4.015626153667312126e-02 1.598524816312151542e-01 -6.755348953879521945e-01 2.562885580067270075e-01 -7.836893186968939273e-02 -6.018513709764292674e-01 -6.365783450026420986e-01 -4.933355806669681431e-02 -1.326882678720194830e-01 3.083960074313469857e-01 1.090481433907962566e-01 4.787259435673151681e-02 1.655256568168364251e-01 -9.201947007249123428e-03 -6.315976098759371049e-02 -1.316444715567134660e-02 6.395873813260312402e-02 -6.695227499758764356e-02 5.330210459997521827e-02 6.986338609566301872e-03
2.203927691503423936e-02 -5.679887989328268744e-02 -5.935634612770348401e-02 3.011868638734554460e-01 3.577750177161305445e-02 -4.355025284202386215e-01 -3.038757374823248814e-01 1.931070607174576736e-01 6.612706918494179464e-02 2.675045269776331613e-01 5.701278959865577756e-01 7.319751400692352250e-02 1.796270016283297299e-01 -5.575307077537118294e-01 -1.751769457647995784e-02 -5.538838161391069354e-02 1.546265880130630668e-02 -3.022687951716339638e-01 4.945658755847512356e-02 6.012812049849657579e-03
1.054721758944884152e-02 -5.334938988974495810e-01 -4.776566409462662532e-01 2.589162344645907776e-01 4.649267225885001659e-02 -4.846062768497567119e-01 -4.036505338435336654e-01 8.052804452309410277e-02 -1.023660126584532704e-01 -2.314581780057462651e-02 8.116039450728693150e-02 7.135362987223824172e-02 3.470688140043983738e-01 -6.237806916082497266e-02 -2.101086856652105775e-02 9.938092262619466211e-02 7.430828840477771147e-02 -5.679483460175533543e-02 -2.800603520384898834e-04 4.265103265646223892e-03
3.060053225429927859e-01 -7.518265199908883423e-01 -1.221152701262149670e-01 5.100366210328654004e-01 2.054563741124252885e-01 -1.476134482030071471e-01 -8.804934594556516059e-01 4.840603779406523199e-01 1.257239070451777740e-01 -1.109625206289682336e-01 5.685632740726925816e-01 1.631895821871784946e-01 -2.364176940852854014e-01 4.908284680256134180e-01 -1.928000027316868203e-01 9.634371818969769685e-02 6.835101725965787856e-02 -8.583309853147413904e-02 -1.315895021015324462e-02 -5.334404364105402134e-03
1.868896271673464171e-01 -4.204006655494985645e-01 -3.925690480054260245e-01 5.471144683087855176e-01 2.278505871015688855e-01 -4.759492216615582860e-01 -2.912468964435561691e-01 1.137541404966748160e-01 2.194752848421083202e-02 5.224094110529782509e-02 7.276144972761586227e-02 1.503845716615316019e-01 9.101558954806159008e-02 4.037768051072623127e-02 -1.290084357111994373e-01 7.982269778716970243e-02 7.937473498876673750e-02 3.524301426808008290e-03 5.112733837026439687e-02 -1.001348290213534969e-02
-8.503635700054819058e-01 -4.072393522556377321e-01 -1.255566757331103567e-01 2.327099009233698779e-01 1.936124749262497780e-01 -2.651061508668466349e-01 -1.204880485568083082e-01 1.361401914777482167e-02 -1.530210490670566303e-01 6.259292300668418962e-02 8.639205699704868846e-02 -6.008378408528151915e-02 9.004476878570848164e-02 9.476228416309537272e-02 -1.786297948980152331e-02 1.410884699763094718e-01 1.216806456719108330e-02 -4.804848382885926195e-02 4.483365333279087928e-02 -2.697355323572558569e-02
2.482596173462106870e-01 -3.204979005123173019e-01 -1.546430335933089983e-01 4.009171650364343198e-01 2.066395680106876132e-01 -3.390808556005939917e-02 -1.809452002625588640e-01 5.785841736974470934e-02 -7.262406648530481124e-02 1.048732411736779113e-01 1.628132060756233013e-01 -1.474124279345692123e-01 -4.606557397308455593e-02 9.188304304143263268e-02 -1.699999312955118025e-02 6.632726618462990442e-02 5.508809100420679339e-02 -3.890069262644842152e-02 1.206825535059702359e-02 1.973362407849845682e-03
3.994558302308663655e-02 -9.795902713535113715e-02 -2.032764063992087977e-01 3.203171964429638585e-01 3.848604844648474688e-02 -4.002667284630009314e-01 -3.631933669296852907e-01 6.269950983743236006e-02 -2.208889396523370727e-02 7.918846289872692734e-02 5.624782516687617390e-02 2.784561113551091427e-02 1.026373972519445676e-01 -2.348144220133657062e-02 -3.957239707718721022e-02 2.440008637380009643e-02 2.881830302463815260e-02 -2.550002361349740232e-02 5.823051159018766132e-02 -1.381011635830379537e-02
2.282146010967707195e-01 -6.155178411071926536e-01 -2.675021737234633545e-01 5.335319280044426016e-01 3.150991171238864408e-01 -1.905512807012134657e-01 -3.290177441788597057e-02 1.068002691743493160e-01 1.617611834359809209e-01 1.046881377362133825e-01 1.736862590009864357e-02 9.395815741797493292e-02 8.628763006592783669e-02 -1.913522274979650994e-03 -5.869414033554697790e-02 8.889377923122679381e-02 4.130253939369471494e-02 1.796332119351499307e-02 1.857846460801065858e-02 4.884766579008330452e-03
1.999968339184392263e-01 -3.904374302252534568e-01 -1.776837269497595906e-01 2.335055590707000583e-01 -5.285967629817570762e-02 -3.172755080410376988e-02 -3.995903949724915472e-01 1.969271143557987935e-02 -1.628170917782013338e-01 1.001772354833123102e-01 8.224357339028365299e-02 7.598284498769022899e-02 6.375921988646859884e-02 -4.516741218071382291e-02 -7.155692882530668986e-02 1.392794855377884611e-01 8.204840692381133033e-03 -5.614741589307144232e-02 4.769129971768641674e-02 5.471104438572635745e-03
3.021372001832162146e-01 -5.243731595262104972e-02 -4.377106117888657222e-01 1.147320473963706344e-01 -1.436612790247284444e-01 -5.364655341635502644e-02 -4.179044001138761955e-01 -1.584697854566007313e-01 -1.231344496436249658e-01 1.858782297855314514e-01 1.586952686952572411e-01 -2.152989799666688020e-03 1.410543014398003836e-01 -8.338199801088039265e-02 -4.126283776253712732e-02 8.913004592977409601e-02 6.325085323136049598e-02 -7.138954762500418494e-02 4.715922436011207169e-02 7.149728988221927192e-03
7.558142193392627939e-02 -1.642520652973769590e-01 -4.372784392193983516e-01 4.090346757629347296e-01 -7.858161080376308699e-03 -3.676865859930503744e-01 -3.610174490421005356e-01 -4.866620740243218085e-02 -1.356978110162211093e-01 1.444115014223985582e-01 -7.154700655374896662e-03 1.645480364164792486e-01 1.912198344148730300e-01 -5.995420173476758569e-03 -1.291315231246428219e-01 1.451473113966301465e-01 6.579958806849364739e-02 -4.057662716733162478e-02 4.442021840193445537e-02 -3.474857316406019039e-03
2.062404315293303592e-02 -3.042142385084047398e-02 -2.407410213321169723e-01 -1.734611685542770121e-01 -1.729629977247368333e-01 -9.238137997180341510e-02 -3.124973923942642728e-01 1.324102378120678436e-01 -5.838345678027655888e-02 -6.344204969796107818e-02 3.825956967590390390e-01 3.582074773923960009e-02 1.688077841380467015e-01 -4.593366184993229184e-02 4.222625343519195718e-02 4.940512836415102832e-02 7.427771811827599269e-02 -1.888365960138137234e-02 4.851572891523361908e-02 -2.805250028660086475e-03
8.425477843676380807e-02 -3.512000092279710106e-01 -2.571193031751656255e-01 2.500870405671680174e-01 -2.890620383304819407e-01 -2.441669134475217273e-01 -5.663654262099622194e-01 -7.911452759623492648e-02 -1.438392232990051700e-02 1.989525285858837478e-01 7.484187743470208098e-02 1.957144442860109246e-01 2.882422681620267491e-01 -4.835410445644058169e-02 -1.312768877566059533e-01 1.117292001365427362e-01 7.792307834539866085e-02 -4.610378331352182890e-02 6.752761922503747183e-02 -1.144124194754203919e-03
4.970559714266785389e-02 8.690626315141877778e-03 -1.219687253515244346e-01 3.391151777562335656e-01 -2.335640793112538777e-02 -9.046323889641369465e-02 -1.232959626534801678e-01 -1.909399158249483475e-01 -8.585955633922311148e-02 4.147790882927509387e-02 7.462578655164611718e-02 9.738778412265364226e-03 9.597255829566883611e-02 -8.234369791757381596e-02 -1.668422648396082619e-02 -2.098080581011976462e-02 2.870309655326853948e-02 -2.567413216169770265e-02 4.814616689679564882e-02 -9.293574690709680616e-04
-4.520094798493606847e-02 -3.843827861386563405e-01 -1.918808168882169540e-01 5.308903397304496827e-03 4.293486520689218655e-02 -2.338889854902433812e-02 -2.826559481138798957e-01 -7.801444485353282998e-02 8.083537874514340471e-02 4.844521022243820918e-02 1.574074479439391272e-01 1.173525557590023166e-01 2.328228880156024000e-02 8.152611699622425157e-02 7.045410774130907161e-03 2.618702717080438613e-02 6.213117599248885875e-02 -7.464990810223948170e-02 4.431284542785617411e-03 9.331126301357593744e-04
-8.153742554386872454e-02 1.076934465942461366e-01 -3.090664627717226165e-01 2.655198144377158842e-01 -1.013963184008485341e-01 -2.684486369055262833e-01 -5.845146515964579903e-01 -3.482418315794136854e-01 -1.605357283102019222e-02 1.254754999696178486e-01 9.455882597562713376e-02 3.974860871237143739e-02 3.957746826612124069e-01 -7.875838837449959662e-02 -6.165801400501230711e-02 -3.720558991594859893e-02 9.445950706370986882e-02 -6.029181311199686283e-02 4.631674519704178511e-02 -5.602530933107565704e-03
-9.867639602633192231e-02 -3.241442071622151477e-01 -7.363495768475285252e-02 1.384265828484418370e-01 -7.261347384886776557e-02 -2.299273373037215296e-01 -4.218811204506195400e-01 -5.218539729247968079e-02 -1.384578802085067450e-01 1.166588934086080498e-01 -1.088705535048723194e-01 1.642102543600908182e-02 2.325458799215094630e-01 -5.076066128426472146e-02 5.306029926978678146e-02 6.064872601485282039e-02 2.309314244523712548e-02 1.553116921821588725e-02 7.507014418576127973e-03 5.431600092836851024e-03
-9.867639602633192231e-02 -3.241442071622151477e-01 -7.363495768475285252e-02 1.384265828484418370e-01 -7.261347384886776557e-02 -2.299273373037215296e-01 -4.218811204506195400e-01 -5.218539729247968079e-02 -1.384578802085067450e-01 1.166588934086080498e-01 -1.088705535048723194e-01 1.642102543600908182e-02 2.325458799215094630e-01 -5.076066128426472146e-02 5.306029926978678146e-02 6.064872601485282039e-02 2.309314244523712548e-02 1.553116921821588725e-02 7.507014418576127973e-03 5.431600092836851024e-03
-3.606862720405040745e-01 -9.971036276525194197e-02 -3.887444412266644056e-01 1.025672869071513338e-01 -1.336444138968789497e-01 -4.806100620706640902e-02 -3.016573592278777305e-01 -6.973540002581826713e-02 -1.700352491892771767e-01 3.543083429146524077e-01 -4.624939681967233512e-02 -2.411622404458008823e-02 9.862875764419143376e-02 7.509343531551543327e-02 -7.056888293188670613e-02 3.840732411673057102e-03 5.261795167850626120e-02 -2.641997017924514746e-02 1.681016725413365248e-02 -3.322803418212267376e-03
3.661723221451221311e-02 -4.210442884106319616e-01 -1.575474235081634200e-01 3.495718122855755450e-01 -2.280685640707253575e-02 -2.016977558194879006e-01 -3.914596748520563496e-01 6.476329010519692175e-02 -1.756412457123352477e-01 1.669696635617618774e-01 -6.573699574187054362e-02 8.983280764222477399e-02 3.575274902521669018e-01 1.325308363555835131e-02 -7.081045894548351760e-02 8.638049594188082492e-02 4.385209018168868822e-02 8.230721670577261992e-03 6.700839101395422714e-02 8.570316630586284276e-03
